0.89819222387642311,
0.89859534765921129,
0.35033777494589456,
0.66130317922319310,
0.31762031512692639,
0.43333795024672661,
0.05240509417608792,
0.10373068883507475,
0.92195461169560724,
0.36441269980070139,
0.00576022332476743,
0.28439572870791094,
0.67171023923510744,
0.28211846299885251,
0.20876242810236002,
0.93735986084697760,
0.00531635802037320,
0.77853559316316176,
0.75930889063626878,
0.51129825074997746,
0.82365598347953056,
0.55634344982019989,
0.58922214794891296,
0.65559741487072935,
0.33634007113181837,
0.37913458764177113,
0.44283013779779605,
0.00848273558105941,
0.35140142620974882,
0.65945973597580018,
0.28949755817711797,
0.19801486030784543,
0.63226675585289650,
0.96963952715074816,
0.23858637868200519,
0.71283281346469924,
0.73849203578295155,
0.80877698843805614,
0.72340457418075429,
0.38615190898901199,
0.41267276140032644,
0.60691258257628035,
0.61665355511024646,
0.63615922912755098,
0.57746660159529052,
0.71278658103608168,
0.65100851648240353,
0.89357238454346850,
0.29286091041267897,
0.13929951544378189,
0.04158847956162864,
0.36516915991557791,
0.03082269240252032,
0.34970534696525331,
0.44881958848030952,
0.32289460085473449,
0.07597146594316432,
0.96057327220282922,
0.81749792316490602,
0.63760165669167162,
0.47068859866555421,
0.50494033500261627,
0.63447418130137049,
0.76503555600715874,
0.88801479532005620,
0.78010158434357496,
0.44066572414384058,
0.39486827884018422,
0.86494637849729948,
0.34253129267602786,
0.92105198575148935,
0.28695383667797915,
0.14274669116291830,
0.73892911595989747,
0.14308914473935899,
0.44376338693147567,
0.47984781826164089,
0.82791450529896986,
0.85715837127684594,
0.17041914337022490,
0.46955043952647038,
0.56796744594710743,
0.89143811235763666,
0.13617209461195179,
0.28707512931323750,
0.65435086425235012,
0.89134517942051994,
0.94451327187099846,
0.66329927633234939,
0.74204154067442719,
0.02460167907060855,
0.13830677192982126,
0.69941060197783606,
0.01239980008112552,
0.47555060461600290,
0.57099304664533470,
0.20291878185822476,
0.31226800579932208,
0.58447140696849088,
0.77720590000324754,
0.62257017521173727,
0.67165235953688125,
0.74352694821962708,
0.39383089420247246,
0.57849892598154450,
0.35234720895579719,
0.26574831186773475,
0.90046236886798848,
0.50788808308699620,
0.34094568134247536,
0.21733957986589424,
0.68754851133570599,
0.39840199840645304,
0.37047481774759252,
0.02524211992409909,
0.99853430470050148,
0.02259698636140206,
0.87063739607410467,
0.02545756825203422,
0.07059145591956792,
0.97359954632629315,
0.50901232752869428,
0.00202465694695733,
0.96841746751353850,
0.03594602939100166,
0.55241710434439134,
0.94511647469280870,
0.69624966208509091,
0.67823516399356136,
0.37041388833527637,
0.13916825676177628,
0.65686104815851612,
0.86001634136580272,
0.75425686117974995,
0.26044201497720913,
0.27153147189060810,
0.06382457035328098,
0.36694323432259791,
0.80560037632477217,
0.71895297020444464,
0.38459633834008902,
0.50189262203788769,
0.94519282825910835,
0.10847813554305310,
0.30750106047345525,
0.91382571128385030,
0.37480591003308949,
0.95588423030955062,
0.57742250015200894,
0.76181246728998751,
0.65673536554709532,
0.62438350664041987,
0.47000538577269100,
0.43774998090091764,
0.18327347777312028,
0.65329895172985719,
0.92181574368098365,
0.69287847416052337,
0.69942083226490301,
0.29704220618861967,
0.98238074926924038,
0.14145458860181377,
0.37700184941695773,
0.27065274207715632,
0.87211828610627170,
0.55474915626798311,
0.92656104130121889,
0.17921712563065757,
0.61447510558359131,
0.66381418986860459,
0.90129653088589171,
0.35165997150109510,
0.23937994456671015,
0.41613706840896826,
0.44499406036093648,
0.17651385858766283,
0.22882623641940869,
0.93543143766109234,
0.53782222434281766,
0.56644489934894846,
0.59012497106639091,
0.42461582667484368,
0.22711343598700431,
0.47706689017237933,
0.76969592199186078,
0.26121331831243285,
0.91716165107478915,
0.70260507791532594,
0.67634800892544074,
0.45304917113645334,
0.53989443447861025,
0.52874670559679513,
0.46216820904150802,
0.39051534786796554,
0.59741220231937752,
0.37821882976327319,
0.48600438540550080,
0.69152027444538930,
0.01534750005226707,
0.02396434459687924,
0.05926013701784064,
0.21385009383540175,
0.32174192079044030,
0.37768667226075773,
0.53928658869935429,
0.39819294744092505,
0.28252187019717654,
0.36861243586389563,
0.62520165657310045,
0.22048694281441895,
0.33864370495591121,
0.04360122620830884,
0.56716662474402044,
0.00879967537559893,
0.84006107372169265,
0.13171917339989964,
0.69906294901205504,
0.84018023931629463,
0.55338625215270036,
0.52992912560774830,
0.31255781561130662,
0.29571589346654335,
0.90069737241979578,
0.78806113419148954,
0.36088157674152099,
0.16559681256435965,
0.34031832026890522,
0.36390097123676164,
0.21302729582308893,
0.42956925240490820,
0.83071663847091659,
0.22365568946622654,
0.03326688683057282,
0.16651289574617325,
0.81250975951530427,
0.98553873468337084,
0.05623485117018280,
0.87697544438458425,
0.60661595669313605,
0.52822642310164768,
0.38529863299904278,
0.72349733367876347,
0.04518102971679397,
0.33680396794396278,
0.13122264040210483,
0.05647870102856084,
0.53650587532885531,
0.40576858970519790,
0.39218647406757487,
0.19556652316147149,
0.45498157830947119,
0.74567220182234498,
0.97686485651583242,
0.97788322612327911,
0.68239221588199834,
0.23112835475180025,
0.81256247848291395,
0.16703458464916340,
0.65615241446601831,
0.42057543846707365,
0.41849179601967265,
0.32447408115713519,
0.87442077516759098,
0.91581453497935153,
0.87235642417253451,
0.30699707052077762,
0.26199435796862115,
0.02254198384534070,
0.37457886982800020,
0.69252370042649612,
0.63942229413185283,
0.39962995390995238,
0.97690297433669762,
0.47804884212638510,
0.35739354367531809,
0.17031747853692126,
0.27471816229203533,
0.97951720334198078,
0.16411232825657343,
0.04414836305339271,
0.97182170181164098,
0.40617975255627338,
0.10045975611901619,
0.99790987450874706,
0.40544517986411089,
0.47137905198720850,
0.45053241609049706,
0.90238670012344164,
0.62570811174124994,
0.14170208644844050,
0.85952191100942703,
0.72850798712398798,
0.56793476086329359,
0.46316469022399229,
0.17595314067824005,
0.62809897332720722,
0.13043475441417740,
0.21772410455524057,
0.61868432688307619,
0.33927606108000294,
0.43013783538126708,
0.26546673983179479,
0.16194863293778528,
0.12102047643003490,
0.30471498981409657,
0.24972999589482494,
0.00120491255231968,
0.77994399517931676,
0.55790713309405720,
0.37751220547580620,
0.54747829619586355,
0.81127138913893995,
0.96873560736463414,
0.97895195342498736,
0.63231438331469703,
0.36934678096931502,
0.98609406275645173,
0.93025253524244458,
0.66157960607050050,
0.19472984582952750,
0.06204665722319115,
0.22550337753935502,
0.99580587277447635,
0.76676985958433392,
0.11723071224924093,
0.17069186588419029,
0.96185588678285439,
0.54762483833968273,
0.12379696480057275,
0.85651528466112325,
0.42496156513931267,
0.74317609808410734,
0.94006753638804296,
0.56543761614937406,
0.77901694185013196,
0.11580948168974118,
0.42631387785061294,
0.96075347841202047,
0.64595688464524554,
0.04498978119199348,
0.24257532427859982,
0.53494852767979430,
0.92272421945786945,
0.51060898480986714,
0.94973279839840557,
0.14859757088585337,
0.14951327323126490,
0.45725854347197476,
0.39644339460452035,
0.88295410407912241,
0.73000106359921584,
0.07635275399896394,
0.48776211270325243,
0.88214359661807237,
0.51405976592193708,
0.33518111868083892,
0.81729029933083104,
0.30734072384300524,
0.28875623721605846,
0.97745985693873442,
0.20334104931232463,
0.99086010081639431,
0.39624592117876336,
0.52206490922501447,
0.18116037509378762,
0.02061161470596761,
0.25422929386068672,
0.36651642145788709,
0.25745252959451397,
0.16479554665293069,
0.95132977436182831,
0.15550872264507074,
0.07103170831598267,
0.19932869623081500,
0.89563848408390472,
0.75377481899904032,
0.72356267865536062,
0.03822916838668491,
0.43778611129697726,
0.40456150511163170,
0.59669418448853051,
0.83421568833040229,
0.79978596825879699,
0.45757976087517575,
0.72928908786485232,
0.36172086734601479,
0.19143429495718523,
0.42516782129267832,
0.82309293347050059,
0.03242748205394574,
0.25399464129435696,
0.52938658070087475,
0.41444988591753064,
0.48299759853562707,
0.18719150519477781,
0.34705572623231105,
0.87748978996392632,
0.78485624692207618,
0.34333280787717504,
0.98520518489189465,
0.15289313216616839,
0.39552975836345348,
0.52817448668225297,
0.19450391099681561,
0.16078516807642687,
0.62661170212605165,
0.19144821148410046,
0.86997676804094656,
0.95188092221506799,
0.67983978666222005,
0.82420275691642733,
0.88138040179349819,
0.58257566262886872,
0.24625553647065902,
0.12310021318550443,
0.86637250484066337,
0.21559159844092587,
0.66741518331487822,
0.04561319925267507,
0.57689820427168966,
0.55903054283650401,
0.46394837690881584,
0.73752475993258399,
0.58853137085394185,
0.00151363196897346,
0.05131377743234921,
0.61557651527542286,
0.12709551917589779,
0.03534115445396143,
0.15216056985553780,
0.30734046656642164,
0.71339069776395146,
0.33610486361150098,
0.62895780106597769,
0.55558803707316755,
0.67154916486133958,
0.14171383238922805,
0.12618713246143122,
0.07296189806061567,
0.74867855413390169,
0.55260908402741887,
0.97871573392856641,
0.50888930266758428,
0.75711605946993236,
0.62497839262785916,
0.33982228491479204,
0.65507834849626022,
0.09508386400349442,
0.55336710261229084,
0.18268359636887021,
0.07051783283679342,
0.89865986511739172,
0.31660426233409497,
0.38189800984122718,
0.93540276612321315,
0.84568447200731025,
0.32493438607307800,
0.78129970664457779,
0.91330330032358935,
0.92145191722308840,
0.83631256989251053,
0.18055406016813494,
0.23324475221192096,
0.82900519148974630,
0.58200429259620855,
0.07473168840166518,
0.54773598361236898,
0.22978650646944950,
0.89646953600001828,
0.01111923274013252,
0.05672419890926850,
0.79063268490021847,
0.33996974462891290,
0.20433294118435944,
0.20554443757273474,
0.47712931242606335,
0.49102494367279066,
0.43536252212900282,
0.97179460085589386,
0.05541597089912468,
0.37575357626820977,
0.42951079219572030,
0.16642437345272729,
0.70368437191446102,
0.06347244917879934,
0.26691461898208583,
0.04366021383664827,
0.42515034043620309,
0.84132532092634427,
0.14708502376385201,
0.30009407986273894,
0.51540525073166949,
0.69974443210604792,
0.38357430382540543,
0.72623254985381410,
0.90995737893316197,
0.40871559665599394,
0.08614751201818381,
0.18534474968795754,
0.02788040722574174,
0.17432395655455987,
0.51846005758713953,
0.86596486844553633,
0.94577334276627050,
0.45978649801470184,
0.22305530985752707,
0.60812157504890140,
0.43825809239422750,
0.68533655856748107,
0.34025237931045121,
0.45759556384862033,
0.83449172679820145,
0.37350119205195784,
0.90352671928152822,
0.82433661384386333,
0.39749573220592519,
0.03392001730598855,
0.20567580981288075,
0.29410592059423628,
0.33982716553412180,
0.94268734907552466,
0.01890997123750875,
0.79441703091817848,
0.90891984353094992,
0.61895247708848596,
0.74135926355705258,
0.38710273099601508,
0.94353095213682439,
0.89914835617481106,
0.22337337978768111,
0.26551652632118691,
0.38158013334427815,
0.92057516784306564,
0.97546883199534234,
0.71786959056984776,
0.33507193896554477,
0.35806599965784677,
0.92263350852599716,
0.40164850069428803,
0.37448548426217937,
0.79061892016103223,
0.54400473661705657,
0.00049720100391091,
0.44206818598438038,
0.54068322923120048,
0.52528171694136720,
0.48079749578307230,
0.70310833595096411,
0.96217037598172372,
0.48008070991741861,
0.10516665051677952,
0.22192518632977674,
0.36816351518084423,
0.48067922592434841,
0.62370859145245185,
0.85111501724277608,
0.22358746502415426,
0.52422106709806691,
0.11811183784054634,
0.35708367971134393,
0.70481068713204544,
0.14464439355303512,
0.52744024569682695,
0.14293235484777931,
0.22648990169000796,
0.53602521579931872,
0.68299155170171293,
0.12371953762388588,
0.47306484025164624,
0.40547533223752019,
0.57483150507205523,
0.02523255568006547,
0.55709258274350005,
0.20292818914646163,
0.65846336404900291,
0.21933610782360524,
0.05249089470522372,
0.20596116556335408,
0.77102197377509034,
0.82280827494394060,
0.14601341086915126,
0.29687017873347403,
0.91494226530555955,
0.83350466202383258,
0.83999323348110268,
0.31038580376446332,
0.47292274818774755,
0.59427700762245178,
0.76958731529363376,
0.97093865452981156,
0.92266526247767638,
0.58567789704862037,
0.48199736344272016,
0.53378177749069415,
0.16113928561847672,
0.38107791211451904,
0.96275121398302373,
0.12287851001237802,
0.95300677004461158,
0.67033045621133972,
0.92293376057520004,
0.44908766351438124,
0.78433448261421682,
0.10665617676241150,
0.19863099879019641,
0.15166268172538857,
0.59093633461080145,
0.27815064764435057,
0.72293989493630869,
0.28719809615816191,
0.72423535736059578,
0.71348229035822422,
0.97834178534602382,
0.64152120721236720,
0.39168910176305938,
0.56574938424149316,
0.49139915635034155,
0.10077837234329170,
0.34041682493679388,
0.61875447679577067,
0.95148682114223889,
0.71181837723752674,
0.38684102208497402,
0.65784875774101652,
0.60266219599954397,
0.08326857953619098,
0.13945277732722334,
0.90222605230982097,
0.90344738089036133,
0.87059788155077287,
0.09613186871922672,
0.76882890334462115,
0.15228291308259535,
0.28251597979354672,
0.77178464007096379,
0.48550092668658983,
0.00784037393680795,
0.73786951070232305,
0.60877121443546719,
0.97783112627544115,
0.10949650762213443,
0.21544214085015279,
0.96377928233203151,
0.19881222873400304,
0.96556861241345994,
0.01511933479353599,
0.16145262748335349,
0.38439053313482983,
0.70154497445445018,
0.61611134673601231,
0.22054573756229188,
0.69733983134553515,
0.86027640953951047,
0.51107066067173596,
0.61911243406476987,
0.54374816167924671,
0.62027989484297624,
0.10086957868319414,
0.38773640644529943,
0.11058052653585756,
0.62922374057040696,
0.03721497993017024,
0.53093349287237166,
0.89791724398536658,
0.47889231200117602,
0.59350334011025904,
0.08490589881605178,
0.84167043220188565,
0.62042197424356178,
0.52569569493610921,
0.39801298835157941,
0.25022463365006428,
0.50261901552930890,
0.72047918903928602,
0.25145135152031161,
0.13076862971047338,
0.06929309694966916,
0.88556286203514878,
0.18152391642958947,
0.62414688225875602,
0.96198985604216312,
0.10956358910589332,
0.73379069655013863,
0.07122245868275440,
0.08902860964415229,
0.20548349468051694,
0.65591921213067208,
0.81181253903184317,
0.94882505231784225,
0.70806358112225531,
0.33029840072648635,
0.26814115777981776,
0.58315994599343408,
0.87796071410387167,
0.17415053791301348,
0.19564948932105341,
0.42407664921132321,
0.06705787505856533,
0.56856850137192216,
0.51968592656792345,
0.84288745590867260,
0.40133923579853793,
0.02548582261981189,
0.41347403217432814,
0.68423194880453601,
0.36057155306558734,
0.55533217319199571,
0.74465832882288798,
0.59034993741884301,
0.39378171012852310,
0.97505439436350962,
0.23923885318952575,
0.64974862656274615,
0.39176385330396602,
0.37757903899234485,
0.55291723442873674,
0.85590575431139216,
0.77344669478870679,
0.61916141642312416,
0.75557283796203359,
0.35236335047417214,
0.50553481512652383,
0.39454549595433084,
0.10791998509796892,
0.63161306139289563,
0.94912074831501716,
0.51609949563303150,
0.38858974728025649,
0.43587659052425412,
0.45751149388453749,
0.22025832061187440,
0.52073877699913197,
0.81987691862902264,
0.40688095031805150,
0.81919639951263604,
0.08597479853960004,
0.79937095328986197,
0.78067720563270093,
0.46388736591841526,
0.96580689542352453,
0.91020452100780383,
0.62410859986694065,
0.25962241873261617,
0.88166205939906770,
0.68667876092999633,
0.94966554059851597,
0.35942697320841638,
0.91472931463752147,
0.68628036836709867,
0.95001442687538994,
0.56072973024096696,
0.48636174314200329,
0.71521861225099844,
0.15465655451720863,
0.17212309713879612,
0.55317925291980885,
0.17451986900653959,
0.50320518645766711,
0.85360004625682577,
0.78900240387141227,
0.38334899671473775,
0.84952693682219248,
0.57612359098831354,
0.95409823548734917,
0.21670271598283760,
0.20516659184519869,
0.10623073733515828,
0.67587388302150340,
0.85948016551138609,
0.73407947844228142,
0.51716863958976203,
0.61377135998397773,
0.23955118001655917,
0.80272933233453817,
0.01941587071355647,
0.93629107637473068,
0.46262693693292737,
0.15559062573717835,
0.97264728599408864,
0.96500412247231170,
0.24126730942994907,
0.19457353590902479,
0.39415921273414331,
0.43217060505955137,
0.82774407152994017,
0.16598638123345625,
0.54933353353626818,
0.66676967666114700,
0.90935836337063903,
0.38154922116696787,
0.68739913830304490,
0.79246542172449549,
0.47772047361878289,
0.49781877233878263,
0.94965093612937618,
0.57785455964701487,
0.16814525077183994,
0.96057362054394247,
0.04003773484427284,
0.05655655818365347,
0.62088344124365500,
0.06374810851316404,
0.25270711387700182,
0.60387233711431551,
0.30058977791830372,
0.59450996557993077,
0.29280360463192584,
0.35895813318792550,
0.45526794364766565,
0.88938318874473127,
0.09838176384015519,
0.83042082971417892,
0.47389127523807320,
0.95566547356052868,
0.13126410705104406,
0.05298072325622423,
0.58217786164143439,
0.23857511628404211,
0.31498546956604126,
0.63119843570775733,
0.29103600904334043,
0.60057530158512135,
0.38872211768077267,
0.75746564534026777,
0.58715719384049079,
0.87802211846448377,
0.04820894968274326,
0.82542724019146614,
0.84725115807933368,
0.71300250764254767,
0.00995010675603366,
0.86545642730842577,
0.81446454409245405,
0.46720060133600797,
0.53083910067687646,
0.10758954082425063,
0.84092196818886170,
0.42590942617379839,
0.71324639348729987,
0.75367725279527788,
0.32680430609455806,
0.95776193072702066,
0.44562365143773054,
0.62792949280287413,
0.09912274938335632,
0.34174851066050659,
0.41900206874604011,
0.10273901668488527,
0.17760531015152182,
0.82839270314461041,
0.44327407831468576,
0.40023253931455499,
0.11091672672423112,
0.99019650298555652,
0.43542821223457424,
0.14423620896262531,
0.66674522028332881,
0.17906773538557062,
0.72714656198941811,
0.17625128939466381,
0.21285743969990425,
0.49784083554846821,
0.29012970605832392,
0.45621440549906909,
0.25393408059568008,
0.85867051411289792,
0.45217103727401248,
0.60724777265764341,
0.69062788907638693,
0.09645209597558558,
0.96226618943924321,
0.91519621687978664,
0.41323175271108996,
0.93478159367743257,
0.06512135354787651,
0.86886089290817320,
0.38376931352128414,
0.40450662692278682,
0.75431974260691505,
0.03309929775391302,
0.81738110701515797,
0.40046878911387215,
0.73881849941562879,
0.90349885380557048,
0.00889355818958146,
0.47571944534050488,
0.48750483165235335,
0.56426946366808651,
0.04533184687442645,
0.95693891528249004,
0.88791979629293589,
0.16054042214615959,
0.97988594568970229,
0.64469006035737155,
0.43509574206011472,
0.37579380551874387,
0.04728349778643300,
0.78393636514120381,
0.99906827589094843,
0.87117169635023974,
0.92384120102749923,
0.28072852480124402,
0.77401208992644904,
0.14625013826319127,
0.45285739056893979,
0.19474747076876266,
0.10816324180043236,
0.00024823414005383,
0.45329695204154150,
0.71328814650906165,
0.41549225809824092,
0.25506894140821587,
0.61797882394058153,
0.19647757480008394,
0.54692703888706705,
0.40959271963758260,
0.30149549928154550,
0.13846894748445552,
0.92540024247172085,
0.02289440319236569,
0.94839830585316695,
0.37128926868822168,
0.92320590964523867,
0.94548217954084052,
0.63599243244316789,
0.46211969239344436,
0.06218651011399886,
0.76119643516945432,
0.86404286652305937,
0.34638021773897950,
0.48612553883821403,
0.64992323671432748,
0.54262767218855892,
0.95166016035974544,
0.57715265589189220,
0.77596671241538058,
0.89403274847700203,
0.54122018639024535,
0.84412524301986635,
0.71126384565586534,
0.90941659263781940,
0.80512246603578305,
0.28432930356594740,
0.93861447030075134,
0.95203964496323237,
0.16388837831609627,
0.13734884581758695,
0.62344308017691452,
0.26985242464529061,
0.57005864624905237,
0.13332739494705330,
0.21812718185998923,
0.70905584774283794,
0.32497481930441095,
0.54868683382553149,
0.78430356126081865,
0.15566792363182946,
0.35532814395900599,
0.71469291526965307,
0.79628767160204492,
0.61958632108304877,
0.31059787256308396,
0.34532068908130544,
0.57545081501406983,
0.24900528019367315,
0.69325237086936773,
0.91192821611432497,
0.32551673475020497,
0.37347087588009175,
0.55348293386109790,
0.83030172324528271,
0.07789164115981512,
0.39758247344786650,
0.14433164138951250,
0.43836845351812635,
0.17260342887566561,
0.65014986040802534,
0.01677350790324916,
0.34902294279645994,
0.17731184880350042,
0.22085859731119948,
0.12515772519502355,
0.51887938358305875,
0.02652096452897781,
0.65546308077927351,
0.60970253677713028,
0.29194220191681074,
0.00757035702762233,
0.03145293557067356,
0.85687183960614848,
0.87068448899689254,
0.82555141082375029,
0.36791363520606844,
0.92177103659536455,
0.59301740314496338,
0.68772532652313268,
0.70694108374428653,
0.76704315349577104,
0.49925270954498167,
0.71922365974686289
